-1.520800 0.050000 -0.299066 0.050000 -2.742530 0.150000
-1.472371 0.083781 -0.279882 0.084248 -2.620808 0.150000
-1.425829 0.120038 -0.212406 0.144971 -2.481337 0.150000
-1.441719 0.113983 -0.141781 0.177096 -2.487357 0.150000
-1.475489 0.097229 -0.047392 0.213899 -2.525072 0.150000
-1.511944 0.079323 0.039409 0.245445 -2.570721 0.150000
-1.535890 0.069813 0.087266 0.261799 -2.600541 0.150000
-1.526840 0.102996 0.119156 0.282485 -2.593215 0.150000
-1.492034 0.107667 0.162605 0.342509 -2.575078 0.150000
-1.441548 0.110839 0.240915 0.456856 -2.549012 0.150000
-1.395357 0.112887 0.323500 0.570514 -2.525566 0.150000
-1.373438 0.114186 0.379774 0.628475 -2.515288 0.150000
-1.368842 0.128436 0.382540 0.649617 -2.514242 0.150000
-1.361386 0.164632 0.340147 0.691045 -2.472244 0.150000
-1.344661 0.234612 0.278806 0.775306 -2.374979 0.150000
-1.322759 0.312377 0.211376 0.874228 -2.263254 0.150000
-1.299776 0.371924 0.150715 0.959640 -2.177873 0.150000
-1.265609 0.417185 0.079078 1.058488 -2.110714 0.150000
-1.227093 0.445469 0.011856 1.150011 -2.066208 0.150000
-1.191570 0.462615 -0.041380 1.203747 -2.045394 0.150000
-1.147527 0.455142 -0.076329 1.158182 -2.039090 0.150000
-1.110297 0.453075 -0.107602 1.107773 -2.027466 0.150000
-1.098457 0.486096 -0.164134 1.165498 -1.960777 0.150000
-1.089680 0.535060 -0.231385 1.256703 -1.847638 0.150000
-1.056584 0.587016 -0.270285 1.313121 -1.771288 0.150000
-0.999311 0.629225 -0.262039 1.301650 -1.753944 0.150000
-0.921926 0.676126 -0.231813 1.261351 -1.745083 0.150000
-0.843726 0.718691 -0.197705 1.220003 -1.741496 0.150000
-0.784005 0.747891 -0.177810 1.205384 -1.739970 0.150000
-0.731734 0.766278 -0.196215 1.305935 -1.733257 0.150000
-0.704194 0.743085 -0.216243 1.377153 -1.692672 0.150000
-0.686654 0.716659 -0.205503 1.330657 -1.565053 0.150000
-0.667130 0.678123 -0.185770 1.244445 -1.300870 0.150000
-0.648903 0.635625 -0.163458 1.147241 -0.993084 0.150000
-0.635255 0.597310 -0.144981 1.067770 -0.734654 0.150000
-0.629468 0.571323 -0.136752 1.034754 -0.618541 0.150000
-0.633209 0.572019 -0.134985 1.034381 -0.592860 0.150000
-0.682966 0.656357 -0.125907 1.060255 -0.466219 0.150000
-0.773249 0.769154 -0.109562 1.111373 -0.238719 0.150000
-0.826136 0.828845 -0.100109 1.148327 -0.106476 0.150000
-0.834354 0.834804 -0.098797 1.134810 -0.087056 0.150000
-0.832175 0.844626 -0.093294 1.145312 -0.037515 0.150000
-0.816935 0.800740 -0.101822 1.191409 0.003871 0.150000
-0.847004 0.821579 -0.096845 1.212702 0.095217 0.150000
-0.881969 0.843515 -0.086780 1.219908 0.194202 0.150000
-0.897035 0.834535 -0.070242 1.187135 0.251505 0.150000
-0.905899 0.808416 -0.054596 1.153311 0.296706 0.150000
-0.914701 0.759056 -0.048903 1.146783 0.348322 0.150000
-0.921307 0.714085 -0.046689 1.145526 0.390232 0.150000
-0.927677 0.714101 -0.042340 1.146363 0.415096 0.150000
-0.930110 0.714324 -0.038557 1.145813 0.440808 0.150000
-0.917737 0.672126 -0.059163 1.181176 0.572939 0.150000
-0.899513 0.609602 -0.089677 1.233392 0.839504 0.150000
-0.880371 0.552440 -0.120446 1.282571 1.103496 0.150000
-0.865244 0.526333 -0.141816 1.308825 1.227906 0.150000
-0.841773 0.523943 -0.155144 1.269542 1.236891 0.150000
-0.838308 0.523641 -0.146179 1.211109 1.241045 0.150000
-0.884358 0.529834 -0.106711 1.196016 1.409320 0.150000
-0.933494 0.533080 -0.071102 1.220929 1.596318 0.150000
-0.929120 0.529808 -0.088320 1.274404 1.583528 0.150000
-0.913921 0.519923 -0.117795 1.351492 1.512094 0.150000
-0.931248 0.491817 -0.106330 1.443258 1.423802 0.150000
-0.987659 0.429449 -0.047666 1.534842 1.351442 0.150000
-1.069854 0.331331 0.040626 1.644922 1.265916 0.150000
-1.155367 0.238498 0.138746 1.742778 1.178272 0.150000
-1.221730 0.191986 0.226893 1.797689 1.099557 0.150000
-1.281085 0.183228 0.329738 1.772468 0.998278 0.150000
-1.319709 0.180181 0.426586 1.689105 0.906328 0.150000
-1.325638 0.178998 0.506145 1.628839 0.859270 0.150000
-1.280059 0.165737 0.552309 1.628830 0.851897 0.150000
-1.201785 0.148111 0.581184 1.651918 0.847656 0.150000
-1.135293 0.154748 0.629804 1.667856 0.835098 0.150000
-1.104395 0.193997 0.692372 1.668465 0.768280 0.150000
-1.080205 0.254355 0.768638 1.665980 0.638857 0.150000
-1.062481 0.313438 0.850827 1.659059 0.507183 0.150000
-1.050984 0.348862 0.931166 1.646366 0.433609 0.150000
-1.044951 0.348467 1.013750 1.626140 0.456328 0.150000
-1.044742 0.326254 1.100668 1.596565 0.535786 0.150000
-1.051804 0.299082 1.181138 1.556216 0.615715 0.150000
-1.067582 0.283812 1.244377 1.503669 0.639847 0.150000
-1.099679 0.287093 1.287480 1.422097 0.569096 0.150000
-1.144919 0.299216 1.316209 1.317740 0.441500 0.150000
-1.188576 0.312499 1.332775 1.223781 0.316472 0.150000
-1.215925 0.319258 1.339391 1.173399 0.253427 0.150000
-1.181880 0.311958 1.345376 1.149979 0.229819 0.150000
-1.254394 0.287945 1.369389 1.149981 0.184878 0.150000
-1.365484 0.240411 1.418571 1.150196 0.089065 0.150000
-1.468910 0.189931 1.470057 1.150788 -0.037459 0.150000
-1.518436 0.157080 1.500983 1.151917 -0.174533 0.150000
-1.478931 0.149121 1.511282 1.185391 -0.355352 0.150000
-1.382655 0.154490 1.516878 1.260091 -0.577812 0.150000
-1.284456 0.165517 1.518890 1.341790 -0.768802 0.150000
-1.239184 0.174533 1.518436 1.396263 -0.855211 0.150000
-1.236275 0.200713 1.483530 1.387537 -0.869756 0.150000
-1.222807 0.198940 1.483619 1.414870 -0.875335 0.150000
-1.185808 0.195166 1.484955 1.450989 -0.888484 0.150000
-1.128570 0.189841 1.487270 1.494398 -0.908014 0.150000
-1.054384 0.183412 1.490297 1.543599 -0.932738 0.150000
-0.966544 0.176328 1.493770 1.597092 -0.961468 0.150000
-0.868342 0.169037 1.497421 1.653381 -0.993015 0.150000
-0.763068 0.161988 1.500983 1.710968 -1.026192 0.150000
-0.654017 0.155629 1.504189 1.768354 -1.059811 0.150000
-0.544479 0.150409 1.506771 1.824042 -1.092684 0.150000
-0.437747 0.146776 1.508463 1.876534 -1.123622 0.150000
-0.337113 0.145177 1.508997 1.924332 -1.151439 0.150000
-0.245869 0.146063 1.508107 1.965938 -1.174946 0.150000
-0.167307 0.149881 1.505525 1.999854 -1.192954 0.150000
-0.104720 0.157080 1.500983 2.024582 -1.204277 0.150000
0.020060 0.201341 1.481156 2.054881 -1.207463 0.150000
0.104510 0.271364 1.453371 2.046015 -1.183467 0.150000
0.163223 0.348926 1.418045 2.013272 -1.145660 0.150000
0.210789 0.415807 1.375599 1.971943 -1.107415 0.150000
0.261799 0.453786 1.326450 1.937315 -1.082104 0.150000
0.334203 0.442059 1.234684 1.892864 -1.068778 0.150000
0.400335 0.390517 1.118102 1.836959 -1.048551 0.150000
0.449559 0.340066 1.018427 1.787599 -0.997104 0.150000
0.471239 0.331613 0.977384 1.762783 -0.890118 0.150000
0.469703 0.345539 0.987770 1.764754 -0.782517 0.150000
0.462211 0.365846 1.014543 1.774524 -0.588730 0.150000
0.449668 0.391746 1.053747 1.790021 -0.330844 0.150000
0.432984 0.422446 1.101426 1.809176 -0.030948 0.150000
0.413065 0.457158 1.153624 1.829917 0.288870 0.150000
0.390818 0.495090 1.206383 1.850175 0.606523 0.150000
0.367151 0.535453 1.255747 1.867878 0.899922 0.150000
0.342972 0.577457 1.297759 1.880956 1.146979 0.150000
0.319188 0.620311 1.328464 1.887339 1.325607 0.150000
0.296706 0.663225 1.343904 1.884956 1.413717 0.150000
0.255814 0.750434 1.336427 1.859422 1.463537 0.150000
0.208003 0.859048 1.300298 1.813788 1.496912 0.150000
0.157927 0.972950 1.247412 1.757224 1.517153 0.150000
0.110243 1.076025 1.189664 1.698900 1.527572 0.150000
0.069606 1.152157 1.138949 1.647987 1.531478 0.150000
0.040671 1.185231 1.107162 1.613653 1.532185 0.150000
0.038314 1.199792 1.123607 1.609114 1.545394 0.150000
0.095611 1.226251 1.176966 1.666285 1.638655 0.150000
0.183234 1.286448 1.257223 1.753873 1.861630 0.150000
0.283014 1.363191 1.348056 1.853679 2.148913 0.150000
0.376782 1.439291 1.433144 1.947502 2.435095 0.150000
0.446366 1.497558 1.496166 2.017142 2.654770 0.150000
0.473599 1.520800 1.520800 2.044400 2.742530 0.150000
